0 PEGASUS DEB

1 24007U 94029BC  26088.23791118  .00004531  00000-0  32202-3 0  9998

2 24007  81.9238 349.9693 0063516 138.4061 346.5866 15.02806869612881

0 HAWK-10A

1 60540U 24149CA  26088.19405524  .00001729  00000-0  15825-3 0  9992

2 60540  97.6926 165.4837 0003190   2.3156 357.8079 14.96253546 88022

0 RISAT-2BR1

1 44857U 19089F   26088.08457200  .00004422  00000-0  34374-3 0  9991

2 44857  36.9597 226.7913 0012623 244.2865 115.6574 15.01171691345153

0 HAWK-9A

1 59446U 24066E   26088.09364693  .00002144  00000-0  19373-3 0  9997

2 59446  45.6102 331.1363 0003139 319.9994  40.0656 14.98868796107812

0 PUNCH-NFI00

1 63178U 25047A   26088.01373739  .00000694  00000-0  11133-3 0  9991

2 63178  97.9568 274.8949 0012239  59.9803 300.2618 14.74680041 56269

0 CZ-4 DEB

1 26123U 99057K   26150.96417389  .00002937  00000-0  51749-3 0  9995

2 26123  98.6625 162.4701 0052867 323.1074  36.6496 14.67494528387980